Description       :: Molar method from interfaces (total pairs =    10929 : total residues =    32439)
Distance cut off  ::     4.50
   -0.48   -0.20   -0.21   -0.39   -0.12   -0.16   -0.39   -0.29    0.04   -0.10    0.01   -0.53    0.15    0.13   -0.56   -0.15   -0.43    0.08    0.15   -0.01
   -0.20   -0.11    0.24    0.45    0.17    0.24    0.37    0.01    0.10    0.10    0.07   -0.01    0.37    0.31    0.03    0.19   -0.00    0.37    0.42   -0.04
   -0.21    0.24   -0.18   -0.12   -0.30    0.08   -0.01   -0.18   -0.14   -0.05   -0.29   -0.17   -0.01   -0.10    0.02   -0.16   -0.23    0.04    0.26   -0.12
   -0.39    0.45   -0.12   -0.65   -0.49   -0.01   -0.35   -0.24    0.06   -0.24   -0.21    0.16    0.02   -0.01   -0.22    0.00   -0.24    0.02    0.25   -0.29
   -0.12    0.17   -0.30   -0.49  0.0000    0.23   -0.14    0.11  0.0000    0.00    0.09   -0.03  0.0000    0.18   -0.28    0.15   -0.17  0.0000    0.25   -0.09
   -0.16    0.24    0.08   -0.01    0.23   -0.29   -0.05    0.05    0.01    0.15    0.02   -0.17    0.23    0.16   -0.14   -0.10   -0.17    0.22    0.26    0.08
   -0.39    0.37   -0.01   -0.35   -0.14   -0.05   -0.67   -0.37    0.14   -0.28   -0.29    0.16    0.10   -0.11   -0.30   -0.10   -0.23    0.00    0.08   -0.13
   -0.29    0.01   -0.18   -0.24    0.11    0.05   -0.37   -0.39    0.08   -0.20   -0.13   -0.19    0.34   -0.12   -0.27   -0.19   -0.21    0.10    0.07   -0.13
    0.04    0.10   -0.14    0.06  0.0000    0.01    0.14    0.08    0.03    0.24    0.13   -0.02  0.0000    0.34   -0.22    0.08    0.06  0.0000    0.47   -0.10
   -0.10    0.10   -0.05   -0.24    0.00    0.15   -0.28   -0.20    0.24   -0.20    0.35   -0.21    0.33    0.59   -0.43   -0.14   -0.05    0.43    0.34    0.20
    0.01    0.07   -0.29   -0.21    0.09    0.02   -0.29   -0.13    0.13    0.35   -0.06   -0.07    0.44    0.41   -0.06   -0.19   -0.05    0.25    0.27    0.21
   -0.53   -0.01   -0.17    0.16   -0.03   -0.17    0.16   -0.19   -0.02   -0.21   -0.07   -0.78    0.09   -0.05   -0.46   -0.24   -0.22    0.06    0.26   -0.20
    0.15    0.37   -0.01    0.02  0.0000    0.23    0.10    0.34  0.0000    0.33    0.44    0.09  0.0000    0.58    0.39   -0.01    0.10  0.0000    0.47    0.38
    0.13    0.31   -0.10   -0.01    0.18    0.16   -0.11   -0.12    0.34    0.59    0.41   -0.05    0.58    0.33    0.08    0.05    0.03    0.34    0.43    0.23
   -0.56    0.03    0.02   -0.22   -0.28   -0.14   -0.30   -0.27   -0.22   -0.43   -0.06   -0.46    0.39    0.08   -0.57   -0.13   -0.13    0.35    0.24   -0.10
   -0.15    0.19   -0.16    0.00    0.15   -0.10   -0.10   -0.19    0.08   -0.14   -0.19   -0.24   -0.01    0.05   -0.13   -0.63   -0.05    0.05    0.12   -0.19
   -0.43   -0.00   -0.23   -0.24   -0.17   -0.17   -0.23   -0.21    0.06   -0.05   -0.05   -0.22    0.10    0.03   -0.13   -0.05   -0.58    0.03    0.15   -0.13
    0.08    0.37    0.04    0.02  0.0000    0.22    0.00    0.10  0.0000    0.43    0.25    0.06  0.0000    0.34    0.35    0.05    0.03  0.0000    0.59    0.40
    0.15    0.42    0.26    0.25    0.25    0.26    0.08    0.07    0.47    0.34    0.27    0.26    0.47    0.43    0.24    0.12    0.15    0.59    0.09    0.27
   -0.01   -0.04   -0.12   -0.29   -0.09    0.08   -0.13   -0.13   -0.10    0.20    0.21   -0.20    0.38    0.23   -0.10   -0.19   -0.13    0.40    0.27   -0.00
